label

1	0	0	0
1	0	0	0
1	0	0	0
1	0	0	0
1	0	0	0
1	0	0	0
1	0	0	0
1	0	0	0
0	1	0	0
0	1	0	0
0	1	0	0
0	1	0	0
0	1	0	0
0	0	1	0
0	0	1	0
0	0	1	0
0	0	1	0
0	0	1	0
0	0	1	0
0	0	0	1
0	0	0	1
0	0	0	1
0	0	0	1
0	0	0	1


RNN

0.9583334
[[ 16.524841    -9.464437   -12.648816   -11.827699  ]
 [ 17.939821   -11.196941   -11.370102   -12.635735  ]
 [ 17.920553   -10.025884   -10.095705   -12.158726  ]
 [ 15.604518    -9.773234   -10.581784   -10.652888  ]
 [ 12.8666      -6.475728    -5.6418943  -12.200376  ]
 [ 22.51571    -15.119734    -9.162095   -16.605627  ]
 [ 23.37154    -14.466323   -10.419406   -15.884313  ]
 [  9.12165      2.4724195   -0.29042074 -10.269447  ]
 [  2.0769      12.825427   -10.510349    -0.6402737 ]
 [ -1.8821144    2.736771    17.323116   -15.5486355 ]
 [ -0.75714016   8.079999     1.5275578   -8.894497  ]
 [ -1.1329367    6.374115    -5.4288154   -2.0842075 ]
 [ -2.2962155    7.3800936   -1.338953    -1.5959604 ]
 [ -4.2731633    3.734188    19.841478   -14.802587  ]
 [ -4.8165755    1.6821957   23.718319   -18.222616  ]
 [ -3.4559054    1.9141802   22.017435   -16.92114   ]
 [ -6.81783      4.00154     22.31887    -13.819807  ]
 [ -5.3173966    2.438533    23.486849   -17.087812  ]
 [ -1.3555908   -3.2196815   22.602945   -22.243263  ]
 [ -1.8531978   -3.2884824  -12.423976     8.613461  ]
 [ -2.0357585   -3.7054913  -12.998944     9.260341  ]
 [ -2.2028174   -3.9636424  -13.07602      9.656841  ]
 [ -0.5456859   -4.6945286  -15.254379     9.118028  ]
 [  0.6924767   -5.9392376  -17.324562     9.383974  ]]
 
 BP
 
  0.875
[[1 0 0 0]
 [1 0 0 0]
 [1 0 0 0]
 [1 0 0 0]
 [1 0 0 0]
 [1 0 0 0]
 [1 0 0 0]
 [0 1 0 0]
 [0 1 0 0]
 [0 0 1 0]
 [0 0 0 0]
 [0 1 0 0]
 [0 1 0 0]
 [0 0 1 0]
 [0 0 1 0]
 [0 0 1 0]
 [0 0 1 0]
 [0 0 1 0]
 [0 0 1 0]
 [0 0 0 1]
 [0 0 0 1]
 [0 0 0 1]
 [0 0 0 1]
 [0 0 0 1]]
 
 SVM
 
 0.8333333333333334
 [1 1 1 1 1 1 1 3 2 3 1 2 4 3 3 3 3 3 3 4 4 4 4 4]

 
 